2491
2492
2493
2494
2495
2496
2497
2498
2499
2500
2641
2642
2643
2644
2645
2646
2647
2648
2649
2650
2651
2652
2653
2654
2655
2656
2657
2699
2700
2701
2702
2703
2704
2705
2706
2740
2741
2742
2743
2744
2745
2746
2747
2788
2789
2790
2791
2792
2793
2794
2833
2834
2835
2836
2837
2838
2839
2840
2875
2876
2877
2878
2879
2880
2881
2882
2915
2916
2917
2918
2919
2920
2921
2922
2964
2965
2966
2967
2968
2969
2970
3004
3005
3006
3007
3008
3009
3010
3011
3061
3062
3063
3064
3065
3066
3067
3101
3102
3103
3106
3107
3108
3109
3110
