2451
2452
2453
2454
2455
2456
2457
2458
2459
2460
2461
2462
2463
2464
2465
2466
2467
2468
2469
2470
2471
2472
2614
2615
2616
2617
2618
2619
2620
2621
2671
2672
2673
2674
2675
2676
2677
2678
2720
2721
2722
2723
2724
2725
2726
2727
2768
2769
2770
2771
2772
2773
2774
2805
2806
2807
2808
2809
2810
2811
2812
2850
2851
2852
2853
2854
2896
2897
2898
2899
2900
2901
2902
2903
2944
2945
2946
2947
2948
2949
2950
2990
2991
2992
2993
2994
2995
2996
3041
3042
3043
3044
3045
3046
3047
3048
3049
3081
3082
3083
3084
3085
3086
3087
3111
3137
3138
3139
3140
3141
3142
