2429
2430
2431
2432
2433
2434
2435
2436
2437
2438
2439
2440
2441
2442
2443
2444
2445
2446
2447
2448
2449
2450
2606
2607
2608
2609
2610
2611
2612
2613
2663
2664
2665
2666
2667
2668
2669
2670
2712
2713
2714
2715
2716
2717
2718
2719
2753
2754
2755
2756
2757
2758
2759
2797
2798
2799
2800
2801
2802
2803
2804
2845
2846
2847
2848
2849
2888
2889
2890
2891
2892
2893
2894
2895
2937
2938
2939
2940
2941
2942
2943
2983
2984
2985
2986
2987
2988
2989
3023
3024
3025
3026
3027
3028
3029
3030
3031
3074
3075
3076
3077
3078
3079
3080
3104
3125
3126
3127
3128
3129
3130
