程序设计 (II)
schedule_for_62000314133002
49 56 57 
17479
53510
91965
29359
41875
63399
81288
15512
31617
83632
98713
22585
63954
82842
46588
29504
75952
74892
30760
16464
65163
59867
25296
70279
33258
51442
2494
79285
10874
79208
12784
44269
56226
25051
8680
92551
9714
20195
4280
4287
42621
80453
74927
75362
90796
2203
42631
77585
51428
52089
52932
90307
42221
92903
28382
63568
53521
99102
99692
47003
3518
29012
37006
69990
18508
48657
67552
45878
24947
65604
29088
59355
61090
94240
10846
16468
61491
80534
61142
69721
96058
71520
22297
34674
26590
21892
87068
66840
68352
81845
44153
51156
48632
64463
45256
62706
26718
18944
2129
62018
3196
57102
9698
36764
94946
39056
83454
