程序设计 (II)
schedule_for_62000314133004
51 60 61 
62545
44129
34250
71660
8881
52867
7224
30830
99860
97847
14982
13089
91565
71172
43077
50129
91201
45533
45756
31570
39941
53301
38286
81881
28537
73977
1705
16875
7448
70282
98484
2494
56730
2069
63927
69880
94965
23679
95735
14324
61852
9496
61858
5252
50472
63132
26550
4721
63331
35919
17312
26259
20853
66795
30111
67404
70416
52644
70992
22021
69225
57470
24206
9337
4053
22988
7371
85106
50742
15725
18603
18116
94525
14305
51533
37244
7151
68377
28921
54383
19593
85813
36949
79084
933
41962
88664
7089
13765
10099
85595
76330
92764
76699
2438
86450
32193
88771
34571
20548
79257
85883
39778
63274
53169
2748
96162
24739
55579
36886
56643
23586
87400
89163
47855
50252
96366
