程序设计 (II)
schedule_for_62000314133005
52 62 63 
65710
69116
76462
69156
6723
51866
5823
76776
94818
72956
78124
32442
71617
79524
93223
57289
29998
17648
18363
41390
1553
2494
69880
78401
69375
35350
97430
9091
53786
81421
20755
9384
36688
3026
42629
25759
74987
69341
84515
31242
54309
23098
54941
50459
47089
50975
92747
54534
84665
73424
83370
69693
23248
23955
40292
78590
50456
46652
38315
76040
90763
85058
59932
15717
83065
16837
6612
4774
58588
38996
22121
16421
65665
99182
72109
40758
85164
66921
63541
29413
67907
78019
52198
38130
60046
35494
62796
88769
53573
7949
31935
69539
1047
3114
92666
64720
5091
