程序设计 (I)
schedule_for_62000312132005
20 25 35 45 
14172
6723
47282
7224
63399
4223
69225
5823
83632
94818
44722
15209
72956
52644
80534
71617
16464
59867
30516
57289
27830
18363
51442
1553
95735
2494
78401
69375
25051
53786
26688
93223
81421
20755
61858
4280
63132
5091
26550
51591
77823
69341
87317
32484
22021
31242
70092
23098
71491
4053
85106
78458
54534
81288
83370
24206
18116
2438
37410
23955
53521
99102
2203
50456
5540
50129
46652
38315
1881
36625
90763
65665
19593
16214
9337
77325
83065
29088
4774
72199
38996
16421
82141
61142
43027
66921
86450
32193
71520
67907
66840
69634
52198
9714
72304
35494
59880
88769
65541
62706
7238
69539
1802
2129
3114
50252
64720
17648
62796
39056
