程序设计 (II)
schedule_for_62000314133001
48 54 55 
46338
16214
6595
14172
45825
36955
40711
56591
47282
60745
37844
49576
87075
80498
82141
88611
27808
4223
4364
69634
56958
73852
83737
47980
57997
44722
59880
15209
5315
5949
31516
1881
55781
17287
36625
15803
43294
77823
98387
90117
75652
87317
32484
32302
72304
10408
58823
5540
33871
39860
38027
9195
47882
71491
8061
20578
36984
48007
89305
51735
30516
95214
88132
42007
56374
52871
94515
2494
3245
86123
12788
46695
48314
83281
24073
81712
43434
83451
90717
45158
64082
