程序设计 (I)
schedule_for_62000312132004
19 24 44 34 
88132
45825
76462
57470
63541
46840
18603
69156
75652
4232
2494
54309
63568
88771
61852
56374
34674
9496
48431
38145
14982
56958
27102
3026
55134
8881
55781
78124
72253
20548
69990
33039
22121
66357
47003
54383
72617
76699
67404
36949
32302
43583
60829
39941
64463
20853
70279
24947
85883
50472
87400
65423
80890
42221
47072
7949
48983
29012
16875
31239
1705
10846
29476
22988
44153
52871
24739
52932
91565
62018
42007
76330
69721
9698
22585
60674
84409
90717
69880
96058
43414
