程序设计 (I)
schedule_for_62000312132002
17 22 32 42 
69116
73424
18312
44129
23679
76243
56226
85813
28382
63274
14324
16251
79208
60745
87030
90307
59932
12784
5252
99860
3518
13089
40292
25759
79479
83496
4721
63331
35919
5949
68352
13765
61090
26259
57102
81845
89499
29504
31617
45533
91207
2494
73977
55377
48657
74927
7089
26718
65163
25296
91917
10099
33258
9091
23586
53510
31516
18508
28537
53573
92
94240
84108
42631
77585
18944
16468
54941
7371
2748
98484
85595
64082
31587
56730
2069
92747
52867
55579
70992
15717
72109
36764
94946
47089
