程序设计 (I)
schedule_for_62000312132001
16 21 31 41 
84665
74987
66920
29469
92903
6595
15725
46551
25311
69693
38655
7151
37844
92551
86123
35445
88611
27808
35350
20195
99182
22297
76776
4287
42621
26590
78590
71172
5315
43077
92430
82842
67552
66795
30111
23035
94515
3245
10874
51156
45756
9384
79524
30760
83281
65604
45158
6612
31536
16837
76040
29998
58588
81881
74892
29082
36984
48007
42629
29021
41390
64809
50011
933
24367
70282
98713
85378
2494
61491
58186
8912
50975
45256
63927
7448
29413
43434
50742
69880
94965
