程序设计 (I)
schedule_for_62000312132003
18 23 33 43 
65710
46338
85058
44269
53169
36955
97430
71660
9195
2494
29359
51866
23248
87068
14305
34571
87710
54219
30830
99692
75952
78019
97847
15512
89305
50459
79257
37006
39778
21892
94525
20832
43077
80453
48556
91201
38130
96162
15803
43294
28921
98387
90117
34250
16990
31570
84515
45878
58823
75362
51533
79084
90796
73852
38286
39860
17479
88664
31935
24037
1047
51428
63954
85164
47855
82646
59355
79285
86123
92666
60046
38027
62545
92764
40758
48632
96366
46695
83454
