53615
50620
37278
51726
29404
21393
93708
18567
9607
79153
16326
30276
95166
6560
35953
29753
93997
47611
62519
60895
3260
56660
88544
25362
30014
41356
10633
11776
78101
24944
62986
28216
87123
53498
33560
95224
2478
26782
45949
52941
62065
69544
45839
76047
97119
88522
12566
99628
40300
66576
31602
79414
998
7170
50686
86616
53472
99008
75801
59478
91137
69669
33470
50917
56052
33301
60849
51170
19950
88997
87485
7876
39009
98708
40136
84440
46214
44211
48825
48180
34165
76609
45450
6365
16215
28010
72791
74439
92270
36510
83439
86446
20965
55695
31606
37446
72319
72676
56643
45888
29021
5944
84488
