93630
96721
4729
46381
9277
91721
82743
92701
86776
44254
81022
82527
6808
32168
48042
25686
51561
75043
90365
40305
26197
47312
14472
89211
93997
20765
57454
38361
1166
28413
11362
15749
70126
69521
72884
57831
95738
22393
21734
15877
44774
66886
16532
60972
81886
49239
60488
26773
95325
94563
24676
49159
90657
8696
88692
81149
17200
84038
7356
28110
20773
25119
42059
67767
53955
11934
12907
44269
49806
17944
72678
31709
9088
87505
53581
77326
78268
56288
73345
21543
30720
2812
75993
10403
29273
63250
45878
25935
51456
13705
79830
63875
76713
11101
68380
70473
47256
48475
20652
77817
81828
58823
90117
46338
88213
23893
95214
57997
83451
