86776
67767
1495
10123
43511
35953
56660
49159
81730
70719
60511
46543
26197
62496
14091
79153
59034
24944
69201
48475
93997
67089
12538
68336
27846
28216
40305
16326
7348
10633
18567
57454
62519
56847
79800
13370
17917
85860
33187
66886
30913
67686
44774
16635
83296
79050
23283
31602
28110
98708
28413
28345
49685
27476
12837
70126
51170
56052
40300
72710
12907
16215
53581
75801
5771
21734
10144
84440
76626
61104
59285
79414
20652
37662
70473
11101
83899
72676
56226
45888
72319
14577
15717
94285
52983
