60511
90680
47272
19155
69554
83753
77509
52741
77887
12993
18162
92586
56331
59034
6643
3105
17917
59040
52333
67028
13186
56847
12837
93090
41159
39681
27639
92936
40662
61209
3509
83296
64870
12622
80672
10144
45979
5771
86819
55666
90812
87521
31232
43267
14063
48192
24
93112
67686
61284
62637
2885
40563
80042
43858
46483
29805
92458
62018
94019
92803
42934
58351
56226
33878
94358
47992
66769
35006
71557
68377
70441
83281
71166
76243
95520
8680
17287
66230
15421
94285
24206
9195
74559
27808
62926
16307
3245
12715
42621
70092
24367
92903
66127
49576
52983
51735
59355
82141
72109
3196
81712
