53615
95256
47272
13186
11776
46825
81022
29753
46381
21393
24676
99008
25986
92701
90680
88544
60972
95166
75043
44323
26773
92586
6560
47611
91738
9277
32168
33077
93997
95325
30014
45979
14571
77326
58351
5685
80042
53955
61209
20765
88692
15749
33301
34953
2478
86616
69669
42934
31232
53472
97119
92936
34678
57831
45726
44211
1896
41065
50973
71434
86446
5843
59478
64870
16189
40136
84765
93503
29273
12566
2885
81828
57235
13705
23893
76609
37446
43077
63867
92270
71166
71557
33878
66127
81712
92903
27808
65107
