14091
50429
79800
69201
14302
19779
53816
60212
43491
6159
89747
21004
24137
35318
93997
53494
98799
1495
10123
33146
68336
63915
7348
70719
44323
14571
46825
40730
36945
25986
53348
85860
81730
49685
41065
72969
33077
72710
93503
5722
50973
28653
94207
99547
23661
76150
28345
71434
1896
3878
54189
26751
79050
90124
80216
3436
74681
16189
99758
54471
11390
92705
23736
76626
12090
76714
56720
77325
18140
5566
41153
46007
67804
59285
13323
29625
88074
16844
57235
12114
80425
73877
3486
6552
58070
20979
82016
33187
19791
63867
5843
84765
34678
12990
47066
53573
14577
10833
22585
50323
47323
17312
