44378
50620
96721
6643
84680
30276
60488
60212
47312
33146
69554
3260
90365
37278
77509
92458
76147
94563
19779
33560
78101
17200
14302
90657
62637
43491
82743
87505
69081
82527
80425
1161
69764
1166
40730
55666
94358
56288
24137
93997
48192
94019
19325
41159
81886
99758
90124
33470
3509
87485
56720
12090
76714
80241
35006
60849
21543
94207
72969
45839
50686
43858
20773
26751
58070
25935
91137
29805
14093
46483
92803
43267
34165
80216
23661
3878
54189
20979
40563
99547
74681
80769
87687
20965
48825
39009
74439
67028
35867
73345
16844
46551
76150
41153
24431
36510
12114
55695
72791
31606
46695
95520
28010
47992
8680
35111
19791
70441
8336
50323
66230
92551
5944
73869
87949
80890
24367
83236
