53615
50620
37278
51726
29404
21393
9607
93708
79153
18567
16326
29753
30276
6560
95224
95166
2478
26782
35953
52941
93997
45949
62519
62065
76047
88522
7170
97119
45839
60895
40300
31602
79414
12566
99628
998
47611
50686
3260
86616
56660
88544
30014
41356
75801
53472
69669
78101
60849
33470
51170
11776
56052
59478
50917
33301
91137
25362
48180
88997
87123
87485
28216
99008
48825
10633
24944
39009
66576
98708
84440
6365
33560
62986
28010
69544
34165
72791
7876
53498
44211
40136
46214
19950
36510
83439
84488
92270
45450
86446
56643
76609
5944
16215
74439
20965
37446
29021
55695
31606
72676
72319
45888
