93630
96721
4729
46381
9277
91721
28413
70126
11362
86776
15749
82743
92701
81022
44254
57831
82527
21734
6808
15877
16532
32168
75043
26197
40305
51561
14472
25686
48042
81886
7356
47312
38361
8696
90365
20773
88692
93997
89211
57454
69521
25119
11934
44269
72884
28110
22393
12907
17944
90657
95738
81149
66886
44774
60488
1166
95325
20765
60972
84038
53581
94563
49239
72678
24676
49159
26773
9088
17200
42059
31709
78268
53955
73345
49806
67767
45878
77326
56288
2812
29273
76713
87505
90117
11101
95214
57997
83451
75993
48475
63875
58823
51456
63250
47256
70473
20652
68380
81828
79830
21543
88213
30720
10403
13705
46338
77817
23893
25935
