86776
67767
1495
10123
43511
35953
56660
26197
49159
81730
70719
62496
14091
79050
46543
60511
79153
48475
59034
23283
31602
69201
24944
28110
98708
28345
27476
28413
49685
93997
18567
67089
28216
79800
12538
40305
51170
68336
27846
12837
70126
13370
16326
12907
40300
72710
10633
56052
53581
62519
7348
16215
16635
79414
10144
75801
57454
66886
17917
30913
5771
67686
85860
56847
33187
84440
76626
21734
11101
44774
83296
20652
61104
52983
83899
59285
72676
70473
56226
94285
14577
15717
37662
45888
72319
