60511
90680
47272
19155
69554
83753
77509
52741
12837
93090
77887
12993
18162
92586
41159
6643
59034
56331
39681
17917
40662
92936
3105
59040
3509
67028
64870
80672
10144
13186
56847
5771
52333
83296
31232
27639
14063
61209
24
43267
93112
12622
87521
86819
61284
55666
45979
90812
40563
2885
43858
48192
62018
62637
46483
29805
42934
80042
67686
47992
94019
92458
92803
33878
58351
94358
56226
76243
68377
15421
71557
66230
74559
27808
62926
16307
3245
12715
42621
70092
24367
92903
66127
49576
52983
51735
59355
82141
72109
3196
81712
83281
70441
9195
95520
24206
8680
94285
35006
71166
17287
66769
