53615
95256
47272
13186
46825
11776
47611
46381
9277
29753
99008
81022
24676
21393
90680
25986
92701
88544
15749
88692
92586
33301
60972
34953
95166
2478
69669
44323
75043
86616
26773
42934
1896
31232
41065
5843
71434
33077
57235
93997
95325
93503
97119
91738
53472
92936
6560
32168
45726
57831
44211
50973
45979
29273
61209
77326
30014
40136
16189
58351
64870
5685
84765
2885
86446
59478
20765
12566
13705
14571
53955
34678
76609
80042
81828
33878
23893
66127
92903
37446
81712
92270
65107
43077
63867
71557
27808
71166
