14091
69201
14302
50429
79800
19779
49685
53816
21004
24137
60212
89747
6159
43491
41065
72710
93503
71434
93997
5722
50973
94207
53494
26751
81730
35318
99547
23661
28345
10123
98799
1495
14571
46825
63915
7348
70719
68336
3878
79050
44323
76626
1896
36945
16189
90124
80216
76714
74681
33077
57235
29625
33146
11390
92705
85860
23736
88074
16844
53348
25986
72969
56720
54471
40730
28653
12090
41153
3486
76150
59285
80425
67804
99758
46007
58070
5843
82016
18140
54189
13323
5566
3436
84765
20979
34678
53573
6552
77325
14577
47323
10833
73877
50323
17312
12114
22585
33187
47066
19791
12990
63867
