96721
6643
44378
50620
84680
30276
92458
60212
60488
41159
33146
3260
47312
77509
81886
90365
56720
90124
35867
76714
73345
87485
43491
1161
16844
50686
20773
12090
43267
37278
94563
19779
76147
80241
33470
69554
41153
14093
24137
48825
90657
26751
74681
3509
80425
43858
94207
34165
78101
69764
60849
87687
46483
21543
62637
24431
14302
3878
17200
99547
82743
46695
92803
94019
33560
48192
91137
20979
45839
40563
29805
20965
69081
36510
67028
80216
99758
8680
58070
23661
82527
25935
80890
24367
83236
76150
87505
28010
40730
74439
19325
95520
56288
73869
47992
55666
72791
93997
54189
55695
87949
50323
39009
31606
94358
92551
1166
46551
72969
80769
66230
35006
12114
35111
5944
70441
8336
19791
